4026
4027
32000
32010
32100
32110
32200
32210
32300
32301
32302
32310
32311
32312
303150
303151
303152
303153
303154
303155
303156
400205
400206
400225
400226
400235
400236
400240
400241
400242
400243
400245
400246
401030
401031
402100
402101
402102
402103
402104
430002
439001
439002
439011
439012
440420
440421
440430
440431
440440
440441
440442
440449
440450
440460
440461
440470
440471
440472
440473
440480
440481
440482
440483
440500
440501
440502
440503
440504
440505
440506
440507
441060
441070
441071
441073
441074
441075
441076
528000
528001
528100
528101
528102
528103
528104
528112
528113
528114
528115
528120
528121
528122
528123
528124
537720
660012
735500
735501
735502