1   Debug square
2   Fogwall 
3   Fogwall (Big)
4   Fogwall (Massive)
15  White Smoke
30  Message Marker
31  Message Marker
32  Orange Force Burst
40  Bloodstain (With Souls)
42  Bloodstain (Without Souls)
43  Bloodstain Pickup
50  Searching Grey Wisp
51  Searching Grey Wisp
60  White Orb (Small)
61  White Orb (Small)
62  White Orb (Normal)
63  White Orb (Normal)
70  White Orb (Normal)
82  Green Glow
83  Darksign Glow + Flames
84  Darksign Flames + Burst
85  Darksign Glow + Flames
90  Grey Scattered Smoke
91  Grey Smoke
92  Grey Crystal
101 Grey Smoke (Wide)
103 White Orb (Fades) + Grey Smoke
104 Grey Smoke (Wide)
105 White Glow
106
107
108 White Smoke + Feathers
109
110 White Smoke Breath
111 White Smoke Burst + Glow
300
320
400
401
402
403
410
411 
412
420
421
422
500 Ring Drop
501 Armor Drop
502 Weapon Drop
503 Rock Drop
504 Goods Drop
505 Yellow Orb (Normal)
1000 Orange Ember Burst
1001 Orange Ember Burst
1002 Orange Ember Burst
1003 Orange Ember Burst
1004 Orange Ember Burst
1010 Small Flame + Glow
1011
1012
1013
1014
1020
1021
1040
1060
2117
2200
2201
2202
3000
3010
3020
3030
3050
3070
4011
4021
4031
4040
4041
4042
4045
4050
4051
4052
4053
4060
4061
4071
4080
4090
4095
13010
13020
13030
13050
13070
14011
14021
14071
14080
14090
14095
23010
23020
23030
23050
23070
24011
24021
24071
24080
24090
24095
30000
30001
30002
30010
30011
30012
30020
30021
30022
30030
30031
30032
30040
30041
30042
30050
30051
30052
30200
30201
30300
30310
30320
30330
30340
30350
30370
30380
30390
30400
30500
30501
30510
30511
30520
30521
30530
30531
30540
30541
30550
30551
30555
30570
30571
30580
30581
30590
30591
30600
30601
31000
31001
100001
101001
101002
101003
101004
101011
101012
101013
101014
101021
101022
101023
101024
101031
101032
101033
101034
101101
101102
101103
101104
101111
101112
101113
101114
101121
101122
101123
101124
101131
101132
101133
101134
101140
101141
101142
101143
101144
101151
102001
102002
102003
102004
102011
102012
102013
102014
102021
102022
102023
102024
102031
102032
102033
102034
102101
102102
102103
102104
102111
102112
102113
102114
102121
102122
102123
102124
102131
102132
102133
102134
102140
102141
102142
102143
102144
103001
103002
103003
103004
103011
103012
103013
103014
103021
103022
103023
103024
103031
103032
103033
103034
103101
103102
103103
103104
103111
103112
103113
103114
103121
103122
103123
103124
103131
103132
103133
103134
103140
103141
103142
103143
103144
103151
104001
104011
104021
104031
104101
104111
104121
104131
104141
104151
105001
105011
105021
105031
105101
105111
105121
105131
105141
108001
108011
108021
108031
108101
108111
108121
108131
108141
114000
114001
114002
114020
114021
114022
114031
114100
114101
114102
115000
115001
115002
115011
115020
115021
115022
115031
115100
115101
115102
115111
115121
115131
115141
116001
116011
116021
116031
116101
116111
116121
116131
116141
117001
117011
117021
117031
117101
117111
117121
117131
117141
118001
118011
118021
118031
118101
118111
118121
118131
118141
120000
120001
120002
120003
120004
120011
120012
120013
120020
120021
120022
120023
120024
120031
120034
120100
120101
120102
120111
120112
120113
120114
120121
120124
120131
120132
120140
120141
120142
120143
120144
121000
121001
121002
121003
121004
121011
121012
121013
121020
121021
121022
121023
121024
121031
121034
121100
121101
121102
121111
121112
121113
121114
121121
121124
121131
121132
121140
121141
121142
121143
121144
122000
122001
122002
122011
122012
122013
122020
122021
122022
122031
122100
122101
122102
122111
122121
122131
122141
123000
123001
123002
123003
123004
123011
123020
123021
123022
123031
123033
123034
123100
123101
123102
123111
123112
123121
123124
123131
123132
123140
123141
123142
123144
124000
124001
124002
124011
124020
124021
124022
124031
124100
124101
124102
124111
124112
124121
124131
124132
124140
124141
124142
124144
125000
125001
125002
125011
125020
125021
125022
125031
125100
125101
125102
125111
125112
125121
125131
125132
125140
125141
125142
126000
126001
126002
126011
126020
126021
126022
126031
126100
126101
126102
126111
126112
126121
126131
126132
126140
126141
126142
127000
127001
127002
127011
127020
127021
127022
127031
127100
127101
127102
127111
127121
127131
127132
127141
128001
128011
128021
128031
128101
128111
128121
128131
128141
130001
130011
130021
130031
130101
130111
130121
130131
130141
132001
132002
132004
132101
200000
200001
200002
200003
200004
201000
201001
201002
201003
201004
202000
202001
202002
202003
202004
204000
204001
204002
204003
204004
206000
206001
206002
206003
206004
207000
207001
207002
207003
207004
208000
208001
208002
208003
208004
209000
209001
209002
209003
209004
210000
210001
210002
210003
210004
210005
211000
211001
211002
211003
211004
211005
212000
212001
212002
214000
214001
214002
214003
214004
216000
216001
216002
216003
216004
218000
218001
218002
218003
218004
220000
220001
220002
220100
220101
220102
220200
220201
220202
220300
220301
220302
220400
220401
220402
220500
220501
221000
221001
221002
221100
221101
221102
221200
221201
221202
221300
221301
221302
221400
221401
221402
221500
221501
221502
221503
221506
221507
222500
222501
223000
223001
223002
223100
223101
223102
223200
223201
223202
223300
223301
223302
223400
223401
223402
223500
223501
234000
234001
234002
234100
234101
234102
234200
234201
234202
234300
234301
234302
234400
234401
234402
242001
243001
244001
246001
247000
247001
247002
247500
300000
300001
300002
300003
300010
300011
300012
300013
300030
300031
300032
300033
300100
300101
300102
300110
300111
300112
300113
300120
300121
300122
300123
300130
300131
300132
300133
300140
300141
300142
300143
300170
300171
300172
300173
300174
300180
300181
300182
300190
300191
300192
300220
300221
300222
300223
300224
300225
300226
300227
300228
300229
300230
300231
300232
300233
300235
301000
301001
301002
301010
301011
301021
301022
301031
301033
301035
301037
301039
301040
301041
301050
301051
301052
301062
301063
301070
301071
301072
301090
302000
302001
302002
302020
302021
302022
302023
302041
302050
302061
302070
302071
302072
302080
302081
302082
302090
302091
302092
302100
302101
302102
302110
302111
302112
302150
302151
302152
302153
302160
302161
302170
302171
302180
302181
302190
302191
302192
302193
302200
302201
302210
302220
302221
302230
302240
302241
302250
302251
302252
302253
302254
302260
302261
302270
302271
302280
302281
302291
302292
302301
302302
302311
302312
302321
302322
302330
302340
302345
303000
303001
303002
303003
303004
303005
303006
303007
303010
303011
303012
303013
303014
303015
303016
303030
303040
303050
303060
303061
303062
303063
303064
303065
303066
303070
303071
303072
303073
303074
303075
303076
303080
303081
303082
303083
303084
303085
303086
303090
303091
303092
303093
303094
303095
303096
303100
303101
303102
303103
303104
303105
303106
303110
303111
303112
303113
303114
303115
303116
303120
303121
303122
303123
303124
303125
303126
303130
303131
303132
303133
303134
303135
303136
303140
303141
303142
303143
303144
303145
303146
304000
304001
304002
304010
304011
304012
304020
304021
304022
304030
304031
304032
304040
304041
304042
304050
304051
304052
304060
304061
304062
304070
304071
304072
304080
304081
304082
305002
305010
305011
305012
305020
305021
305022
305030
305031
305032
305033
305040
320000
320010
320020
320030
320040
320050
320060
320070
320080
320090
320091
320100
320110
320111
320120
320130
320140
320141
320142
320150
320160
320170
320180
400000
400001
400002
400003
400004
400010
400011
400012
400013
400014
400020
400021
400022
400023
400030
400031
400032
400033
400040
400041
400042
400043
400050
400051
400052
400053
400060
400061
400062
400063
400070
400071
400072
400073
400200
400201
400202
400203
400220
400221
400222
400223
400224
400230
400231
400232
400233
400300
400301
400302
400303
400400
400401
400402
400403
400410
400411
400412
400413
400420
400421
400422
400423
400430
400431
400432
400433
400440
400441
400442
400443
400444
400450
400451
400452
400453
400454
400455
400460
400461
400462
400463
400990
400991
400992
400993
401000
401001
401002
401003
401010
401011
401020
401021
401990
401991
401992
401993
402000
402001
403001
403002
403010
411000
411001
411002
411003
412000
412001
412002
412003
412010
412011
413000
413001
413002
413003
414000
414001
414002
414003
415000
415001
415002
415003
416000
416001
416002
416003
417000
417001
417002
417003
418000
418001
418002
418003
419000
419001
419002
419003
420000
420001
420002
420003
440001
440002
440011
440012
440020
440022
440030
440032
440033
440034
440035
440040
440042
440050
440051
440052
440060
440062
440072
440080
440082
440085
440100
440102
440103
440110
440111
440120
440125
440132
440140
440141
440151
440152
440153
440160
440161
440170
440171
440180
440190
440191
440192
440201
440202
440215
440216
440217
440220
440222
440224
440225
440230
440231
440250
440251
440252
440260
440261
440262
440270
440271
440280
440282
440286
440290
440300
440301
440302
440303
440311
440312
440313
440320
440322
440330
440332
440340
440342
440351
440352
440362
440363
440370
440371
440375
440376
440377
440378
440380
440381
440382
440383
440385
440386
440387
440388
440390
440391
440392
440393
440400
440401
440402
440410
441000
441010
441011
441012
441020
441030
441035
441040
441050
441055
510000
510001
510002
512001
512002
521970
521971
521972
521980
521981
521982
521990
521991
521992
522000
522001
522002
522003
522100
522101
522102
522103
523000
523001
523002
523003
523010
523011
523012
523013
523020
523021
523022
523023
523030
523031
523032
523033
523040
523041
523042
523043
523044
523045
523050
523051
523052
523053
523054
523055
523060
523061
523062
523063
523070
523071
523072
523073
523080
523081
523083
523084
523090
523091
523093
523094
523100
523101
523102
523110
523111
523112
523120
523121
523122
523300
523301
523302
523310
523311
523312
523400
523401
523410
523411
523500
523501
523502
523520
523521
523522
523523
523530
523531
523540
523542
523550
523551
523560
523561
523562
523563
523564
523610
523611
523700
523701
523702
523703
523720
523721
523722
523723
523730
523731
523732
523733
523734
523735
523740
523741
523742
523750
523751
523752
524000
524001
524002
524003
524020
524022
524023
524030
524031
524032
524034
524052
524053
524070
524072
524100
524102
524110
524112
524202
524212
524222
524223
524300
524301
524310
524311
524312
524350
524351
524352
524360
524361
524363
524364
524400
524401
524402
524500
524501
524502
524503
524504
524510
524512
524514
524515
524522
524523
524530
524532
524550
524551
524552
524553
524560
524562
524563
524700
524701
524702
524703
524900
524901
524902
524903
525000
525001
525002
525003
525010
525011
525012
525013
525020
525021
525022
525023
525030
525031
525032
525033
525040
525041
525042
525043
525050
525051
525052
525053
525070
525071
525072
525080
525081
525082
525083
525200
525202
525203
525204
525205
525210
525211
525300
525302
525303
525310
525312
525313
525320
525322
525323
525400
525401
525500
525501
525502
525503
525504
525510
525511
525512
525513
525514
525520
525521
525522
525523
525524
525530
525531
525532
525533
525540
525541
525542
525543
525550
525551
525552
525553
525600
525601
525602
525610
525611
525612
525620
525621
525622
525630
525631
525632
525633
525634
525800
525802
525803
525810
525811
525812
525900
525901
525902
525910
525911
525912
526000
526003
526030
526031
526032
526033
526034
526035
526100
526102
526103
526130
526131
526132
526200
526201
526202
526203
526204
526205
526250
526251
526252
526253
526254
526300
526301
526302
526303
526400
526401
526402
526450
526451
526452
526500
526501
526502
526510
526511
526512
527000
527001
527002
527003
527004
527100
527101
527102
527103
527200
527201
527202
527204
527300
527301
527302
527303
527400
527401
527402
527600
527601
527602
527700
527701
527702
527800
527801
527802
527810
532000
532001
532002
532003
533000
533001
533002
533003
533010
533011
533012
533013
533060
533061
533062
533063
533120
533121
533720
533721
533722
533723
533750
533751
533752
534000
534001
534002
534003
534030
534032
534202
534402
535000
535001
535002
535003
535050
535051
535052
535053
535300
535302
535303
535540
535541
535542
535543
535552
535553
535630
535631
535632
535633
535634
535803
536030
536031
536032
536033
536034
536035
537600
537602
537700
537701
537702
537710
537711
600000
600001
600002
600003
600004
600010
600011
600012
600013
600014
600200
600201
600202
600203
600400
600401
600402
600403
600410
600411
600412
600413
600420
600421
600422
600423
600460
600461
600462
600463
600600
600601
600602
600610
600611
600612
600613
600620
600630
600631
600632
600633
600700
600701
600702
600703
601000
601010
601020
614000
621500
621510
621600
631710
690000
690001
690002
690003
690004
800000
800005
800006
800007
800008
800009
800010
800020
800022
800023
800024
800030
800031
800032
800033
800034
800035
800042
800043
800044
800050
800051
800052
800060
800061
800062
800080
800081
800082
800100
800102
800104
800110
800111
800112
800120
800121
800122
800123
800124
800125
800126
800127
800130
800131
800132
810000
810010
810020
810021
810030
830095
839010
1002247
1002248
1002249
1003001
99999998
700000000
700000001
999999999
652000
652010
652020
652021
652022
652030
652031
652032
000112
000114
000115
000120
147021
147161
147162
260000
260001
260002
260003
260004
260100
260101
260102
260103
260104
260200
260201
260202
260203
260204
260300
260301
260302
260303
260304
260400
260401
260402
260403
260404
260500
260501
260502
260503
300070
300072
300073
300074
300080
300082
300083
300084
430002
431001
439111
439112
439121
439122
439131
439132
439141
439142
439151
439152
439161
439162
439171
439172
439181
439182
440902
528201
528202
528203
528204
528205
528301
528302
528304
528306
528307
528400
528401
528402
528403
528404
528410
528501
528502
528503
528504
530002
530003
530004
530005
530012
530013
530014
530015
610700
610705
610706
610707
610708
610709
610710
610711
610712
610713
610715
610716
613000
613001
613412
613413
631401
631402
631433
631600
631601
631602
631605
631606
631610
631611
631612
631615
631620
631630
631640
631641
631690
631691
662000
662001
662002
662003
662004
662011
662012
662013
662020
662025
662030
662035
662036
662040
662041
662050
662051
662052
662053
662054
662060
662061
662062
662065
662066
662069
662070
662071
662072
662080
662081
662082
662083
662084
662090
662101
662102
662103
662107
662108
662110
662111
662112
662113
662114
662115
662116
662121
662122
662123
662140
662141
662144
662145
662146
662147
662150
662151
662160
662161
662162
662163
662164
662170
662201
662202
662203
662205
662210
662211
662212
662220
662221
662222
662223
662224
662225
662226
662227
662228
662229
662230
662231
662232
662240
662241
662243
662250
662251
662260
662261
662265
662266
662271
662272
662273
662280
662290
662600
662601
662604
662605
662606
662610
662611
662612
662613
662620
662621
662622
662630
662631
662632
662633
662640
662641
662642
662643
662644
662645
662646
662647
662650
662651
662652
662653
662660
662670
662671
662700
662701
662702
662706
662707
662710
662711
662712
662713
662714
662720
662723
662800
662900
662901
662902
662903
662904
662910
662911
662912
662913
662914
663200
663210
663220
663300
663310
663311
663312
663313
663316
663317
663320
663321
663330
663331
663332
751000
751001
751002
751003
751004
751005
751006
751007
751008
751030
751031
751032
751033
751034
751035
751036
751037
751038
751039
751050
751051
751052
751053
751054
751055
751056
751057
751058
751059
751060
751061
751062
751063
751064
751065
751100
751101
751102
751103
751150
751151
751152
751153
751154
751155
751156
751157
751158
751159
751160
751161
751162
751163
751164
751165
751166
751167
751168
751169
751170
751171
751172
751173
838100
845047
845205
850800
850801
850802
851000
851001
851002
851010
851011
851012
851013
851014
851015
851020
851021
851030
851031
851040
851041
851050
851051
851052
851060
851061
851070
851071
851072
851080
851100
851101
851110
851120
851150
851151
851160
851161
851162
851163
651590
651591
651592
651593
651594
651595
651596
613100
613101
613102
613105
613106
613110
613115
613116
613120
613803
613804
621810
621811
621812
621813