3090
220104
221104
223104
300060
300061
300062
300063
401012
410000
410001
410002
410004
410010
410011
410012
410022
410032
410042
410052
410062
410072
440600
440601
440602
440603
440604
440700
440701
440702
440704
440800
440802
440805
440806
440807
440810
440811
440812
440900
440902
440903
440904
441080
441100
441101
441102
441103
441105
441106
441107
441200
441201
441300
441301
441302
441303
441306
441307
441400
441401
441402
441403
441500
441501
441503
441504
441510
441511
441600
441601
441602
441700
441701
441702
441703
441704
441800
441801
441802
441805
441806
441807
441808
441809
441900
442000
442001
442100
442101
442200
442201
442202
442300
442301
442321
442322
442331
442332
442333
442341
442342
527900
527902
527903
527904
527905
528600
528601
528602
528603
528604
528605
528606
528607
528608
528700
528701
528702
528703
528704
528705
528800
528801
528802
528803
528900
528901
528902
528903
528904
528905
528906
528907
528908
528909
529000
529001
529002
529003
529010
529011
529012
529020
529021
529022
529100
529101
529102
529103
529104
529105
529106
662671
663200
735504