221504
430002
432001
432002
432011
432012
432021
432022
613800
613801
613803
613804
613810
613811
613812
613813
613814
613815
613900
613901
613902
613910
613911
631400
631401
631402
631403
631404
631405
631406
631410
631411
631412
631415
631416
631417
631430
631431
631432
631433
631434
632200
632201
632202
650100
650101
650104
650105
650110
650111
650112
650113
650114
650115
650116
650120
650121
650130
650131
650135
650137
650138
650140
650141
650142
650150
650151
650152
650155
650156
650157
650158
650160
650161
650162
650170
650171
650172
650173
650190
650191
650192
650193
650195
650300
650301
650302
650303
650305
650320
732000
732010
732035
732100
732109
732110
732111
732112
732114
732115
732116
732117
732118
732119
732120
732121
732122
732200
732210
732211
732212
732220
732230
732240
732250
732251
732255
732300
732400
832000
832001
832002
832003
832004
832005
832006
832008
832009
832010
832020
832030
832031
832040
832050
832051
832052
