245001
430002
430071
430072
430081
430082
430091
430092
610900
610901
610905
610906
610907
610910
610911
610920
610921
610930
611000
611001
611010
611011
611012
612000
612001
612002
612003
612010
612011
612012
612013
612800
612810
612812
612813
612814
612820
612821
612822
612823
612824
612905
612906
612908
612910
612911
612912
612920
612921
612922
612923
613100
613101
613102
613105
613106
613110
613115
613116
613120
613200
613201
613202
613203
613204
613205
613206
613207
613210
613211
613212
613213
613214
613215
613216
613217
613220
613221
613222
613223
613224
613225
613226
613227
613228
613229
613230
613231
613232
613233
613234
613235
613236
613237
613240
613241
613242
613243
613244
613245
613246
613247
613250
613252
613253
613260
613262
613263
613270
613271
613272
613273
613281
613282
613283
613290
613291
613292
613293
613294
613295
613400
613410
613411
613412
613413
613420
613430
613431
613432
613433
613440
613441
613442
613443
621800
621805
621806
621807
621810
621811
621812
621813
621900
621901
621902
621910
621920
621930
621940
621941
621942
621950
622100
622101
622102
622103
622105
622106
622107
622108
622110
622111
622115
622120
622121
622130
622140
622141
631130
652500
652501
652510
652515
652516
652517
652518
652520
652521
652522
652523
652530
652532
652535
652540
652541
652542
652543
652553
652554
652555
652556
652557
652560
652561
652562
652565
734000
734001
734002
734004
734005
734006
734100
734101
810040
830045
830054
834000
834001
834010
834011