430002
430041
430042
431001
431002
434001
434002
434011
434012
434021
434022
434031
434032
434041
434042
611000
611001
611010
611011
611012
611900
611910
611911
611912
611913
611920
611921
611922
611930
611931
611932
611933
611940
611950
612000
612001
612002
612003
612010
612011
612012
612013
612200
612210
612211
612212
612213
612220
612300
612301
612302
612303
612304
612310
612311
612312
612313
612390
612391
612392
612393
612500
612501
612502
612503
612504
614400
614401
614402
614403
614410
614411
614412
614413
614420
614421
614422
614423
614430
614431
614432
614440
614441
614442
614443
620600
620601
620800
620801
621200
621201
621202
621210
621220
621221
621800
621805
621806
621807
621810
621811
621812
621813
630250
630251
630252
631000
631020
631030
631040
631050
631060
631100
631101
631102
631110
631120
631121
652100
652110
652120
652121
652122
652200
652201
652202
652210
652211
652220
652221
652222
652223
652230
652231
652232
652240
652241
652242
652244
652250
652251
652252
652253
652254
652255
652260
652261
652262
652270
652272
652273
652280
652281
652282
652283
735010
735011
735012
735020
810040
830045
830050
830055
831030
833050
834000
835000
835010
835020
835030
835031
835040
835041
835042
835060
835063
835065
835070
835071
835080
835090
835091
835100
835101