430002
437001
437002
437011
437012
612105
612106
612107
612200
612210
612211
612212
612213
612220
612400
612410
613600
620435
620440
620441
620445
620460
620600
620601
620700
620701
620702
620710
620711
620720
620801
621000
621001
621100
621200
621201
621202
621210
621220
621221
621400
621410
621420
621900
621901
621902
621910
621920
621930
621940
621941
621942
621950
622300
622301
622302
622305
622306
622307
622310
622311
622320
622321
622322
622340
622341
622342
622343
622344
622350
622351
622352
622353
622362
622363
622800
630250
630251
630252
630900
630901
630902
651631
652600
652601
652605
652606
652610
652611
652612
652615
652616
652620
652621
732400
830045
830050
834000
839000
839011
839012
839020
839030
839040
839041