245001
430000
430001
430002
430010
430011
430012
430030
430031
430032
430041
430042
430051
430052
430061
430062
610900
610901
610905
610906
610907
610910
610911
610920
610921
610930
610940
610941
610942
611000
611001
611010
611011
611012
611300
611301
611302
611900
611910
611911
611912
611913
611920
611921
611922
611930
611931
611932
611933
611940
611950
612000
612001
612002
612003
612010
612011
612012
612013
612800
612810
612812
612813
612814
612905
612906
612908
612920
612921
612922
612923
613100
613101
613102
613105
613106
613110
613115
613116
613120
613900
613901
613902
613910
613911
614440
614441
614442
614443
620900
620902
620903
620910
620911
620912
620913
620920
620921
620922
621200
621201
621202
621210
621220
621221
622400
622401
622402
622405
622406
622407
622408
622409
622410
622411
622415
622416
622420
622430
622431
622432
622435
622490
622491
630800
630801
630802
630803
630804
630805
630811
630812
630820
630821
630822
630823
630830
630831
630832
630833
630835
630850
630856
631000
631020
631030
631040
631050
631060
631400
631401
631402
631403
631404
631405
631406
631410
631411
631412
631415
631416
631417
631430
631431
631432
631433
631434
631440
631600
631601
631602
631605
631606
631610
631611
631612
631615
631620
631630
631640
631641
631690
631691
631700
631701
631710
631711
631712
631713
652700
652701
652702
652705
652706
652710
652711
652712
652713
652715
652716
652720
652721
652722
652725
652726
652727
652728
652730
652731
652735
652736
652740
652741
652745
652746
652747
652750
652751
652752
652780
652781
652782
652790
700000
700001
700003
700004
700005
700006
700007
700008
700009
700010
700011
700012
700013
700014
700015
730000
730010
730020
730200
730210
730211
730212
730220
730230
730231
730240
730241
730300
730301
730302
730303
730304
730305
730306
730307
730308
730309
730400
730401
830000
830001
830002
830003
830004
830005
830006
830007
830008
830009
830010
830020
830021
830030
830031
830040
830041
830042
830045
830047
830050
830051
830052
830053
830054
830055
830056
830060
830061
830062
830063
830064
830065
830066
830070
830071
830072
830073
830075
830076
830077
830078
830080
830085
830086
830090
830100
830101
830102
830200
830201
830202
