430002
431001
431002
431011
431012
431021
431022
610700
610705
610706
610707
610708
610709
610710
610711
610712
610713
610715
610716
611000
611001
611010
611011
611012
612000
612001
612002
612003
612010
612011
612012
612013
612105
612106
612107
612300
612301
612302
612303
612304
612310
612311
612312
612313
612390
612391
612392
612400
612410
612600
612605
612610
612615
612620
612630
612631
613100
613101
613102
613105
613106
613110
613115
613116
613120
621100
622800
630600
630601
630602
630603
630610
630611
630612
630613
630620
630630
630631
630632
630633
630640
630641
630650
630651
630900
630901
630902
651811
651830
651831
651835
651836
651837
651840
651841
651845
651846
651850
651890
731000
731001
731002
830005
830045
830050
830055
831000
831020
831021
831022
831023
831030
831040
831050
831051
831060
831061
831062
831070
831080
831090
831100
831101
831110
831111
831120
831121
833000
833050
