430002
430041
430042
433001
433002
433011
433012
433021
433022
611000
611001
611010
611011
611012
611300
611301
611302
612100
612101
612102
612105
612106
612107
612110
612111
612120
612300
612301
612302
612303
612304
612310
612311
612312
612313
612390
612391
612392
612394
612600
612605
612610
612615
612620
612630
612631
613200
613201
613202
613203
613204
613205
613206
613207
613210
613211
613212
613213
613214
613215
613216
613217
613220
613221
613222
613223
613224
613225
613226
613227
613228
613229
613230
613231
613232
613233
613234
613235
613236
613237
613240
613241
613242
613243
613244
613245
613246
613247
613250
613252
613253
613260
613262
613263
613270
613271
613272
613273
613281
613282
613283
613290
613291
613292
613293
613294
613295
613600
614400
614401
614402
614403
614410
614411
614412
614413
620800
620801
621330
621400
621410
621420
622100
622101
622102
622103
622105
622106
622107
622108
622110
622111
622115
622120
622121
622130
622140
622141
622310
622321
622700
622701
622702
622703
630400
630403
630405
630450
630451
630452
630453
630454
630455
630460
630462
631000
631020
631030
631040
631050
631060
631130
631211
631212
631213
631221
631700
631701
631710
631711
631712
631713
632100
652000
652010
652020
652021
652022
652030
652031
652032
733000
733011
733012
733013
733014
733020
733021
733030
733100
733101
733200
733201
733300
733301
733400
733401
733402
733403
733500
733510
733520
733530
733540
810040
830045
833000
833001
833002
833003
833004
833020
833021
833022
833025
833026
833030
833031
833032
833050
833060
833070
833080
833090
833091
833092
833093