430001
430002
435001
435002
435011
435012
435021
435022
435031
435032
612300
612301
612302
612303
612304
612310
612311
612312
612313
612322
612323
612390
612391
612392
613500
613501
613502
613505
613510
613520
613521
613530
614100
614103
614110
614120
614800
620300
620301
620302
620303
620311
620320
620321
620322
620323
620330
620331
620332
620801
621000
621001
621200
621201
621202
621210
621220
621221
621330
621700
622100
622101
622102
622103
622105
622106
622107
622108
622110
622111
622115
622120
622121
622130
622140
622141
622500
622510
622511
622512
622520
622521
622522
622523
622524
622525
622900
622910
622920
622921
630200
630201
630202
630205
630210
630212
630213
630214
630216
631100
631101
631102
631110
631120
631121
651402
651403
651404
651410
651411
651412
651420
651421
651425
651430
651431
651432
651435
651450
651451
651452
651453
651460
651461
651462
651470
651471
651472
651480
651481
651482
651483
651485
651486
651490
651491
651492
651500
651501
651502
651503
651504
651510
651512
651513
651515
651530
651531
651532
651533
651534
651541
651545
651546
651551
651553
651555
651556
651561
651570
651571
651580
651581
651582
651583
651590
651591
651592
651593
651594
651595
651596
652200
652201
652202
652210
652211
652220
652221
652222
652223
652230
652231
652232
652240
652241
652242
652244
652250
652251
652252
652253
652254
652255
652260
652261
652262
652270
652272
652273
652280
652281
652282
652283
652400
652401
652405
652406
652407
652415
652420
652421
732400
737210
737221
737222
737223
737224
737225
831023
837000
837001
837010
837011
837012
837020
837030
837031
837040
837041
837042
837060
837061
837070
837080
837081
837090
837091
837092
837100
837101
837102
837103
837104