430002
436001
436002
436021
436022
436031
436032
436041
436042
610700
610705
610706
610707
610708
610709
610710
610711
610712
610713
610715
610716
611700
611701
611710
611711
611712
611713
611720
611730
611731
611800
611801
611802
611803
612100
612101
612102
612105
612106
612107
612110
612111
612120
621100
621200
621201
621202
621210
621220
621221
621320
621321
621330
621400
621410
621420
622000
622001
622002
622003
622004
622005
622010
622011
622012
622310
622321
622600
622601
622602
622700
622701
622702
622703
622800
630500
630501
630502
630503
630510
630511
630512
630520
630522
630523
630524
630525
630528
630530
630531
630532
630533
630534
630542
630543
630544
630545
630546
630550
630552
630553
630555
630562
630563
630570
630571
630572
630580
630581
630582
630583
630600
630601
630602
630603
630610
630611
630612
630613
630620
630630
630631
630632
630633
630640
630641
630650
630651
630700
630701
630702
630710
630711
630712
630713
630715
630716
630717
630719
630720
630721
630722
630725
630740
630741
631000
631020
631030
631040
631050
631060
632300
632301
632302
632305
632306
651600
651605
651615
651620
651621
651622
651624
651625
651626
651627
651630
651635
651636
651640
651643
651645
651650
651655
651656
738000
738001
738002
738003
738005
738200
738201
738202
738203
738204
738205
810040
838000
838001
838002
838010
838020
838021
838030
838031
838032
838040
838041
838042
838050
838051
838060
838061
838065
838067
838070
838071
838075
838076
838080
838081
838090
838091
838100
838110
838120
838121
838122