430002
438001
438002
438011
438012
500300
500301
500302
500304
500305
500306
500307
500308
500309
500500
500501
500502
500503
500504
500505
500506
500507
500508
500509
500510
500511
610900
610901
610905
610906
610907
610910
610911
610920
610921
610930
611000
611001
611010
611011
611012
612500
612501
612502
612503
612504
622100
622101
622102
622103
622105
622106
622107
622108
622110
622111
622115
622120
622121
622130
622140
622141
630202
631000
631020
631030
631040
631050
631060
651100
651101
651102
651103
651105
651106
651107
651108
651110
651111
651115
651118
651119
651120
651121
651130
700020
700021
740000
740001
740002
740003
740004
740005
740006
740007
740400
740401
740402
740403
810040
830045
830050
830080
833002
840000
840010
840020
840030
840031
840040
840050
840051
840052
840060
840065
840066
840070
840080