140142
430002
439001
439002
439011
439012
652795
652796
652797
652801
652802
652803
652804
652805
652806
652810
652812
652813
652815
652816
652817
652820
652822
652823
652825
652826
652827
652828
652829
652830
652831
652832
652833
652834
652835
652837
652838
652840
652841
652842
652845
652846
652847
652852
652855
652857
652858
652860
652865
652866
652867
652868
652869
652870
652871
652872
652873
652875
652876
652877
652878
652879
652880
652881
652882
652883
652887
652888
652890
652891
652893
652894
652895
652896
652897
741000
741001
741002
741500
741501
741502
741503
741504
741505
741506
741507
741508
741509
741510
741511
741600
741601
741602
741603
741604
741610
741700
741701
741702
741703
830045
841000
841010
841020
841030
841035