5
41000
41001
41003
143001
143002
143003
143004
143011
143012
143013
143014
143021
143022
143023
143024
143031
143032
143033
143034
143035
143101
143102
143103
143104
143111
143112
143113
143114
143121
143122
143123
143124
143131
143132
143133
143134
143141
143142
143143
143144
146000
146001
146002
146003
146004
146010
146011
146012
146013
146014
146020
146021
146022
146023
146024
146030
146031
146032
146033
146034
146100
146101
146102
146103
146104
146110
146111
146112
146113
146114
146120
146121
146122
146123
146124
146130
146131
146132
146133
146134
146140
146141
146142
146143
146144
248000
248001
248002
248003
248004
251000
251001
251002
251003
251004
401030
401031
430002
430041
430042
434001
434002
438001
438002
439021
439022
439031
439032
439041
439042
439051
439052
439061
439062
620801
621000
621001
622100
622101
622102
622103
622105
622106
622107
622108
622110
622111
622115
622120
622121
622130
622140
622141
660000
660002
660003
660010
660011
660012
660013
660020
660100
660109
660110
660111
660115
660116
660120
660130
660135
660140
660141
660142
660150
660151
660152
660190
660200
660201
660202
660204
660205
660206
660210
660211
660212
660213
660215
660216
660217
660220
660221
660222
660224
660225
660226
660227
660228
660229
660230
660231
660232
660233
660235
660236
660237
660238
660240
660241
660242
660243
660245
660246
660250
660255
660259
660260
660261
660262
660263
660266
660267
660268
660270
660274
660275
660276
660277
660280
660285
660286
660290
660295
660296
660297
660298
660300
660301
660305
660310
660311
660312
660315
660316
660320
660330
660340
660350
660351
660360
660361
660400
660600
660607
660608
660610
660612
660614
660620
660622
660623
660624
660630
660640
660700
660701
660702
660703
660704
660710
660711
660720
660721
660800
660801
660802
660803
660806
660807
660810
660811
660812
660813
660816
660817
660900
660901
660902
660903
660905
660906
661001
661002
661003
661005
661006
661007
661010
661011
661012
661013
661014
661015
661020
661301
661304
661305
661311
661312
661313
661314
661316
661317
680000
745000
745001
745100
745101
745102
745103
745104
745105
745106
745107
745108
745109
745110
745111
745112
745113
745114
745115
745116
745117
745118
745119
745300
745301
745302
745303
745304
745305
845000
845001
845003
845004
845005
845010
845020
845021
845022
845030
845032
845040
845041
845045
845046
845047
845050
845051
845055
845060
845065
845066
845070
845071
845072
845080
845081
845082
845083
845090
845091
845092
845093
845095
845100
845101
845110
845111
845112
845113
845120
845121
845122
845123
845124
845130
845131
845140
845141
845142
845150
845160
845161
845162
845170
845171
845172
845181
845190
845191
845192
845200
845205
845206
845210
845211
845212
845213
845214
845220
845221
845222
845223
845224
845230
845231