33
34
102
118
119
143001
143002
143003
143004
143011
143012
143013
143014
143021
143022
143023
143024
143031
143032
143033
143034
143035
143101
143102
143103
143104
143111
143112
143113
143114
143121
143122
143123
143124
143131
143132
143133
143134
143141
143142
143143
143144
146000
146001
146002
146003
146004
146010
146011
146012
146013
146014
146020
146021
146022
146023
146024
146030
146031
146032
146033
146034
146100
146101
146102
146103
146104
146110
146111
146112
146113
146114
146120
146121
146122
146123
146124
146130
146131
146132
146133
146134
146140
146141
146142
146143
146144
147021
147161
147162
260000
260001
260002
260003
260004
260100
260101
260102
260103
260104
260200
260201
260202
260203
260204
260300
260301
260302
260303
260304
260400
260401
260402
260403
260404
260500
260501
260502
260503
430002
430011
430041
439071
439072
439081
439082
439091
439092
439101
439102
441402
611000
611001
611010
611011
611012
612000
612001
612002
612003
612010
612011
612012
612013
612020
612800
612810
612812
612813
612814
612820
612821
612822
612823
612824
612830
612831
612832
632100
650198
650199
650201
650202
650203
650204
650205
650206
650207
650208
650209
650210
650212
650213
650214
650215
650216
650217
650218
650219
650220
650221
650222
650223
650224
650225
650226
650227
650230
650231
650232
650233
650234
650240
650241
650242
650245
650246
650250
650251
650252
650255
650256
650259
650260
650261
650262
650263
650264
650265
650266
650269
650270
650271
650272
650274
650275
650276
650280
650281
650285
650290
650291
650292
650293
650295
650296
650297
650298
650299
662300
662301
662310
662311
662312
662313
662318
662319
662320
662321
662322
662323
662324
662325
662326
662327
662328
662329
662330
662331
662332
662333
662334
662335
662336
662400
662500
662501
662502
662503
662510
662511
662512
662513
662520
662521
662522
662530
662535
662540
662550
663200
663210
663220
838110
850000
850010
850020
850030
850040
850041
850050
850051
850059
850060
850061
850062
850063
850070
850080
850081
850082
850090
850100
850101
850102
850110
850120
850121
850122
850130
850140
850141
850150
850151
850152
850800
850801
850802