1547
0
0
0
0
0
0
0
0
0
0
0
0
0
0
0
0
0
0
0
0
0
0
0
0
0
0
0
0
0
0
0
0
0
0
0
0
0
0
0
0
0
0
0
0
0
0
0
0
0
0
0
0
0
0
0
0
0
0
0
0
0
0
0
0
0
0
0
0
0
0
0
0
0
0
0
0
0
0
0
0
0
0
0
0
0
0
0
0
0
0
0
0
0
0
0
0
0
0
0
0
0
0
0
0
0
0
0
0
0
0
0
0
0
0
0
1352
1055
627
1424
1129
1119
599
271
147
338
768
40
929
1311
492
133
254
1331
1459
591
974
224
1133
326
705
1314
920
259
1002
227
1094
975
188
1416
808
1147
1230
479
512
1396
544
1522
313
1504
206
837
1291
1347
1516
1409
399
1172
988
268
1375
539
1114
865
398
339
519
1369
115
1165
1235
1467
661
243
193
1169
36
991
1010
1106
553
1463
1085
810
861
941
200
110
850
747
1081
993
55
307
210
778
580
1078
336
799
1521
301
416
489
142
1261
952
829
948
475
1151
1249
258
564
1285
949
121
61
101
156
432
1534
1051
233
99
203
145
807
1351
68
866
357
569
1423
1046
1247
450
858
924
801
1246
1481
927
853
1202
1422
907
310
27
199
1502
862
1023
1298
1107
234
289
482
951
1227
207
624
821
21
1193
1507
1301
872
1028
290
1456
140
855
1206
496
425
684
47
42
566
1186
48
1540
678
1142
223
1407
723
201
314
315
1123
323
451
892
551
216
568
1250
1363
1069
828
698
378
1388
819
1479
360
1273
1350
984
325
172
1466
1435
699
26
1341
95
1067
759
509
1439
1454
1334
1
448
1280
1361
340
1137
434
249
1445
304
317
870
1483
1302
860
843
966
1188
192
466
1222
1061
676
1197
1122
921
559
1316
389
1520
1431
823
1452
1205
1397
953
754
742
1279
1546
611
882
1139
394
1486
973
179
293
785
202
89
1412
809
486
87
868
14
11
1167
1146
1213
721
134
1208
491
1148
1183
493
570
1016
35
514
1179
387
383
94
1542
700
776
874
1176
875
1084
897
1271
550
1241
986
322
1027
765
893
255
958
1458
965
697
396
122
1373
1053
942
1443
970
480
885
990
81
215
353
730
822
165
408
149
250
332
818
1009
783
536
331
449
299
71
634
623
891
588
1329
1210
274
248
842
619
443
148
587
910
598
1156
522
1437
144
1097
12
76
1342
998
1134
1260
1220
558
186
982
575
675
358
968
1275
359
603
637
582
116
1297
1012
1096
158
17
244
1073
643
1451
270
409
1141
657
472
497
869
602
351
572
1036
787
790
1180
1039
719
232
1072
82
1032
516
658
718
542
978
333
1245
1006
1468
280
834
484
625
1044
153
1258
583
166
245
152
766
557
983
502
284
1196
1299
311
218
424
1387
246
422
345
1144
1328
1533
665
1386
1537
912
1155
541
226
784
384
2
1295
1117
1442
745
967
1538
1003
400
672
795
727
53
1121
1478
960
181
739
1154
825
1052
574
1389
796
462
459
600
1440
51
309
1344
905
380
1219
937
1116
1309
499
1532
1212
80
1320
98
640
49
56
609
1449
626
1030
1057
632
864
762
902
46
830
1100
1075
696
1031
1074
840
1355
1400
613
659
1092
230
1367
347
936
529
1008
471
612
977
1419
630
770
169
515
520
465
287
925
693
1446
573
1225
263
530
28
947
1127
597
421
1126
592
1539
170
297
58
761
896
506
1525
1063
1359
85
102
690
1465
928
713
1033
15
251
969
1159
1346
388
664
235
406
413
478
1385
1535
1254
629
1277
300
346
1136
526
505
18
517
1234
262
253
1233
1088
839
826
691
467
1263
411
755
1209
440
867
528
1426
419
96
382
1338
60
1343
1175
1306
846
1511
1294
831
1132
1499
595
945
656
75
1190
898
961
926
1192
1324
33
1357
503
198
913
899
635
1474
368
788
319
1433
1322
841
1377
108
1237
1015
1509
751
209
1448
692
589
1368
242
1005
483
20
1038
167
1323
1058
177
576
814
1498
943
1204
571
1004
1330
1313
1464
16
849
1195
433
1545
1472
276
171
468
191
369
488
414
794
6
1071
593
535
1395
594
312
1101
228
1336
683
1497
876
532
856
524
1040
844
1383
671
1229
225
318
651
1411
688
1194
1524
803
7
653
1066
586
458
888
962
205
308
143
1434
1354
749
760
1150
1284
521
63
720
1164
1171
238
1378
469
1105
173
84
138
1135
537
817
120
915
282
1326
633
567
461
178
648
608
501
579
1149
878
1489
1420
196
811
1303
972
1496
1348
213
1211
106
1138
86
1519
645
214
581
1390
1394
554
820
985
832
415
916
352
1054
780
316
1325
686
481
438
73
687
1217
1021
682
1152
1528
590
980
37
1020
1102
1358
1475
797
511
1340
847
871
1286
13
1125
442
1421
176
641
827
523
1527
662
938
184
420
934
498
1182
1487
987
716
981
507
1189
777
1174
452
1379
904
237
1118
1041
615
104
798
1018
667
534
563
211
1103
919
728
1181
1199
371
240
1252
1404
791
62
1281
264
92
1232
1104
272
1508
773
1022
1349
606
296
971
435
367
1414
596
1128
1501
1362
29
673
1353
126
774
1290
930
735
25
955
889
694
725
1130
321
1019
1339
1238
1547
709
565
838
151
674
1153
180
555
963
1292
914
1143
712
556
130
543
1398
781
976
883
252
1108
447
1011
294
859
1384
194
701
1523
1265
157
204
59
295
1216
1453
1214
44
903
1024
852
428
577
1430
1482
457
732
1269
800
854
260
1062
320
1037
354
8
1049
355
711
221
527
1432
364
1307
997
1248
1518
601
518
873
1370
1001
863
1512
670
772
1099
288
418
124
1239
666
1000
552
460
10
93
833
445
1017
5
212
97
1270
1145
604
763
707
189
162
1506
444
1244
703
622
1514
341
335
412
508
764
1048
1296
1262
1226
1267
395
1484
391
109
940
932
423
1082
69
239
107
397
1480
845
793
733
1056
500
1166
247
23
362
616
717
1315
405
802
269
100
669
41
1428
30
112
1308
1477
1536
113
906
195
1287
342
531
1086
128
1293
261
429
139
1393
944
1441
767
513
744
77
1026
649
1541
1200
1408
74
946
222
1543
1089
1333
1242
372
548
1283
695
1300
689
584
1256
146
1485
685
769
1111
1356
182
306
330
1083
79
605
909
298
722
1276
1198
111
393
485
736
437
161
1140
533
1224
655
706
646
377
989
724
1087
1381
495
1170
995
614
430
1090
1312
884
266
34
737
103
137
1064
1530
278
187
1460
67
1500
1268
150
743
366
1438
1093
43
487
1173
350
1425
1317
32
1403
220
792
1068
1207
241
1513
302
1185
734
57
911
1365
1321
1488
154
217
470
349
964
617
1243
72
1240
954
1115
546
1187
1372
660
1076
403
881
908
1029
1526
328
39
118
1042
1401
370
78
741
824
52
197
376
1079
895
628
775
1510
1025
334
538
1221
1318
1065
710
680
1444
1218
9
1391
361
22
805
1382
131
757
363
886
1462
324
1380
231
679
1177
105
1077
1493
236
356
135
1223
1034
441
160
1392
275
279
1418
494
880
291
738
621
1413
265
1228
1178
267
277
702
1282
1163
1360
815
1531
877
1112
1476
1410
4
639
1289
848
1158
257
1327
123
607
1376
618
477
1113
789
746
1470
45
229
54
1203
344
426
652
917
1264
782
1231
562
1035
610
894
305
1168
1070
1332
1402
410
1492
404
175
117
1371
1515
1490
1399
1257
578
636
756
547
890
373
1109
752
806
857
454
329
1157
1272
1494
979
708
933
31
545
992
560
379
1415
1013
1288
283
753
70
1120
1095
1417
1236
1461
939
851
90
748
303
163
1131
455
453
386
1366
1161
654
922
510
901
918
1335
392
132
65
1091
1098
804
1251
715
771
168
375
1491
1259
959
155
24
183
490
476
1345
374
1495
473
1364
83
1274
779
1110
407
540
638
127
836
647
1266
704
174
786
681
642
923
816
950
114
663
464
1337
381
