1700
1417
842
1358
1395
691
1415
410
1049
1483
421
1232
630
74
298
921
943
739
783
33
1136
614
672
886
1528
321
774
579
771
796
1472
665
1365
1569
618
1124
49
1373
491
931
1652
664
413
1325
161
1119
1675
1412
684
1486
453
1600
1205
1476
1372
30
88
687
1252
1452
359
833
442
1012
651
1323
586
450
155
714
85
1564
1447
1315
1389
158
576
1263
499
1265
1237
397
1284
386
1053
1264
1473
226
896
1694
660
337
1009
890
80
790
1620
1197
1105
492
711
1646
486
419
1356
1128
263
570
945
955
1406
628
197
394
1590
249
144
1129
1577
1171
370
437
1651
973
1618
333
727
1179
507
1001
1326
1574
638
40
1072
624
884
758
1355
1666
416
1144
826
1398
1063
1109
1161
1125
225
1251
1466
858
798
762
1266
694
1058
546
1092
1353
528
1329
475
1334
1051
388
715
1250
436
530
194
67
531
712
242
854
736
1022
1103
599
1133
515
474
1513
1480
1354
1504
932
244
926
1312
814
1
48
222
1393
280
1071
1552
1540
1345
637
1468
673
610
1234
1132
844
626
1598
374
639
1082
1622
391
1668
367
772
883
1632
1553
282
1212
1087
1679
512
132
342
516
257
250
247
1667
799
339
1370
577
623
1616
1494
830
862
755
275
720
77
1391
856
190
800
487
168
1377
135
1499
786
581
1490
1289
356
38
371
631
989
1115
1283
86
87
272
425
438
1530
287
686
405
1304
1557
1114
118
580
832
53
21
1165
1663
350
625
203
1336
747
220
343
1454
1259
963
1274
1470
1295
1589
240
1649
422
1591
839
1319
1160
1037
1254
750
899
490
894
836
1560
130
873
347
493
550
3
1487
1305
533
143
901
39
1275
518
1150
82
468
113
730
668
857
1303
508
293
1488
1097
841
716
919
90
17
1340
649
838
325
947
428
540
1575
1695
1182
918
25
170
221
1090
112
123
1339
1218
331
1294
304
111
37
1523
933
942
885
461
855
305
241
900
1104
1546
471
1503
300
1042
608
598
655
289
960
205
107
981
27
1225
768
1378
45
105
1505
134
793
1023
151
1446
1048
1532
1439
465
431
1416
822
872
1478
560
751
1682
1262
1623
169
124
877
785
1380
1253
645
70
732
898
1611
2
434
201
1083
1307
984
1642
354
1016
1317
843
1661
1498
509
1578
1645
572
667
985
1671
1099
1078
1610
766
404
1510
1544
315
1350
779
1637
106
596
483
129
1330
1039
828
504
506
478
128
99
477
853
1684
283
1660
1609
51
399
1057
520
338
377
669
1394
703
284
455
1344
1643
26
820
472
231
1276
140
291
847
1433
1602
195
470
1084
1607
136
760
1467
314
216
204
1459
1677
29
320
1153
452
1443
654
349
476
179
940
744
335
1200
907
376
1561
401
154
1075
1110
1583
1248
1601
1068
523
246
1227
606
1210
662
42
1477
175
141
753
426
1184
815
805
1333
806
1425
1137
864
724
1270
1241
1309
31
402
861
556
142
303
748
683
1644
1570
1041
95
726
1566
271
390
1374
73
871
763
1224
1572
352
554
260
1025
66
166
1069
1501
1491
542
418
1185
208
1111
909
589
1286
1142
1065
1313
584
1437
1485
949
1316
641
162
1686
1458
969
788
1321
920
1204
235
1538
860
740
677
1186
567
559
1495
19
1520
824
1399
505
965
1382
1193
735
1290
794
328
78
264
1456
297
1515
1282
363
248
1614
1482
1308
353
1014
420
188
127
444
513
773
412
1656
138
993
1010
1149
1419
243
1359
605
1606
153
22
258
1653
1170
1392
1198
1543
987
341
604
1163
8
1268
1261
318
7
1108
54
1298
1247
888
632
92
846
373
1588
594
497
207
1245
181
441
1436
911
545
55
1438
1342
1676
292
108
191
56
825
1260
466
1453
117
146
1465
1390
368
1585
850
395
734
1292
1107
511
1096
1002
1043
262
360
543
1106
1698
1634
1640
1366
52
336
1410
366
1375
1195
582
1229
742
1007
879
91
1021
1659
295
1699
1183
501
1159
1038
1535
1073
322
685
202
1077
116
922
1432
1636
935
611
644
557
403
20
968
456
1280
415
1418
1062
1123
149
406
1239
145
707
1335
1525
972
1220
1424
1633
285
1028
745
807
1657
561
1587
549
59
429
880
816
1122
663
1648
459
1531
261
1502
1493
666
160
801
218
1032
1549
1573
535
700
1005
313
432
1034
1214
1469
254
329
1517
903
574
601
276
1158
1203
481
1143
1148
737
1697
593
355
1095
1662
1422
5
1409
1055
1408
1608
14
319
1352
1522
944
1311
9
1180
364
708
215
1655
702
34
58
213
255
840
171
110
484
159
60
777
697
757
892
754
1152
1174
383
1497
1278
13
163
770
564
326
1369
1246
834
480
126
1641
1011
351
69
983
980
265
1576
1457
808
541
183
811
252
1273
551
193
1448
435
592
1579
334
1529
1079
1471
103
1076
1650
874
868
1562
1233
496
934
1131
658
251
690
682
1223
389
1664
1681
1226
174
1615
430
1341
565
187
1428
948
544
1141
1213
938
809
109
1116
646
904
1098
1541
273
1257
1338
1054
563
692
927
595
1680
1201
1222
1207
1020
1240
1554
524
93
959
775
1548
653
1463
819
156
1385
137
1017
661
778
464
1173
61
569
1580
575
1216
1593
1066
11
1556
100
547
568
621
1426
460
1400
718
1004
612
449
131
835
230
270
445
852
89
392
458
792
679
650
64
1196
209
1594
1080
407
1551
1296
887
178
1455
642
1429
699
206
1176
925
1596
659
1555
1449
548
296
1189
1628
578
447
585
1199
1613
532
1288
1635
224
738
1297
485
1582
952
1700
1533
1550
979
1277
627
1669
1324
1343
35
1349
558
1484
1383
725
827
1230
908
125
902
1511
555
915
1181
1088
1293
18
780
482
1430
1384
866
1121
705
423
693
1524
1217
657
636
1351
752
277
1242
1167
1208
1157
1243
1619
970
1026
1269
1691
804
849
867
1045
797
232
340
924
495
1047
463
696
1337
1140
1188
897
526
1536
288
859
1130
186
1547
199
219
619
1506
184
1318
709
1514
385
613
1500
1592
1348
1568
764
1202
622
1404
647
999
1685
810
1003
1175
1000
1059
1388
133
417
652
1091
522
28
617
1368
787
1135
1567
1113
1027
767
634
756
688
1168
1621
821
311
676
701
63
299
590
1360
1361
330
977
791
1346
198
966
670
1302
396
114
16
1347
1527
678
121
120
916
1126
1690
1461
1112
964
776
1287
369
1381
494
68
1441
562
1146
238
865
332
469
997
974
895
1215
956
256
588
1434
1624
182
217
759
43
1301
348
1464
910
1474
988
525
1563
122
15
302
1508
870
317
1396
1363
1638
451
802
1154
1328
671
1481
152
345
1156
1364
1516
749
1101
939
1050
97
308
609
1678
1509
309
1357
79
1444
1431
448
1127
1192
723
929
695
917
1639
517
400
1094
937
1139
381
1134
424
1631
1405
324
365
1320
1692
398
1231
500
998
1117
41
72
1658
192
1413
519
607
1571
784
1013
119
1074
710
316
473
743
150
616
1191
881
1542
1064
1672
310
975
229
1492
1450
1018
379
253
1665
675
527
986
1687
1604
1194
706
433
722
44
1209
1093
1322
1138
1496
1518
1206
1537
210
1271
1586
1674
1559
1235
928
57
1219
1331
818
1085
176
439
457
514
1211
462
1279
1460
893
1626
882
656
239
831
587
674
1612
1565
1451
746
539
906
851
346
1584
633
1411
498
1617
189
503
446
214
1285
157
380
1599
361
1534
1162
274
1696
946
279
1475
290
1187
357
1595
47
1539
1367
1291
83
889
600
1401
812
1249
1238
1046
982
1625
1061
878
990
845
912
81
733
1267
1030
1519
823
971
382
24
102
573
411
680
12
372
167
1507
914
1102
1120
200
1164
71
534
1221
1647
913
643
1603
104
488
269
967
1654
1379
829
1169
96
875
704
1086
1015
1327
1545
387
876
1089
443
479
1236
930
1512
1421
529
440
1036
32
1177
728
782
789
358
50
863
781
84
1244
378
1558
891
741
1387
502
36
537
1479
212
1670
427
227
1402
583
65
992
640
1151
94
1371
173
1272
571
1526
869
1019
233
1420
1178
139
566
1040
813
384
408
1423
1147
719
803
1689
521
1145
1100
185
281
950
1029
817
1031
1056
1300
552
1673
1070
237
268
536
312
961
648
1081
1258
976
1314
905
1024
228
923
620
717
603
615
76
1067
538
1386
301
286
245
362
991
954
266
1166
1629
46
375
837
1190
994
1445
1521
1310
510
1255
172
409
4
957
698
1597
1407
1044
962
1362
344
196
765
1688
721
147
1060
1403
1630
75
6
996
62
234
164
951
1306
278
958
1605
761
978
267
259
597
995
180
713
323
769
1442
1155
414
1299
1489
1281
629
729
307
294
211
1683
1693
681
1414
1397
941
1006
1172
1627
953
1581
553
1435
1033
454
1008
101
148
1035
223
689
327
393
848
795
1228
23
1376
602
1462
731
306
1440
591
936
1256
1118
1052
635
98
10
1332
115
467
1427
236
165
177
489
